 
su_cost	sd_cost	prod_cost	cr⁺	cr⁻	𝜟pd	𝜟pw
2299.999843937806	2249.999845237806	33111.38051153954	33.599999999999994	0.678305190420012	0.0	1.770043786970168
 
list 1: units stutup/down states
1	0	0	0	0	0	0	0	1	1	1	1	1	1	1	0	0	0	0	0	0	0	0	0
1	1	1	1	1	1	1	1	1	0	0	0	0	0	1	1	1	1	1	1	1	1	1	1
0	0	0	0	0	0	1	1	0	0	1	1	0	0	0	1	1	1	1	0	0	1	1	1
 
list 2: units dispatching power in scenario NO.1
0.9	0.0	0.0	0.0	0.0	0.0	0.0	0.0	0.9147062008040765	0.9146587703658364	0.9824234724305216	1.0473773957011656	1.0674162584810543	1.0998368432871948	0.9	0.0	0.0	0.0	0.0	0.0	0.0	0.0	0.0	0.0
0.11146506808606162	0.21400778488243555	0.11230434775163031	0.11241928464525174	0.11252584441987122	0.20618899142798952	0.38185604237791915	0.5186229775143697	0.1	0.0	0.0	0.0	0.0	0.0	0.20932343880984622	0.49776660517862026	0.1	0.1	0.2570022206747341	0.22028399424700984	0.1168386231255571	0.4989894256492274	0.37890185716263525	0.1
0.0	0.0	0.0	0.0	0.0	0.0	0.2	0.1	0.0	0.0	0.09999994047607924	0.1	5.952392076458146e-8	5.952392076458146e-8	1.1904784152916292e-7	0.2	0.1838401246737452	0.11992895719407051	0.1	0.0	0.0	0.2000000043471481	0.2	0.15177823509749996
 
list 3: spolied wind power
0.0	0.0	0.04899535427628507	0.07625786565407143	0.013303523906386436	0.0	0.0	0.0	0.0	0.0	0.0	0.0	0.0	0.0	-1.8610089136170106e-8	0.0	0.0	0.0	0.0	0.0	-1.4295353232246311e-9	0.0	0.0	0.0
0.8418374123340964	0.0	0.0	0.0	0.0	0.0	0.0	0.0	0.29190941711878227	0.49774023372017084	0.0	0.0	0.0	0.0	0.0	0.0	0.0	0.0	0.0	0.0	0.0	0.0	0.0	0.0
 
list 4: forced load curtailments
0.0	0.0	0.0	0.0	0.0	0.0	0.0	0.0	0.0	0.0	0.0	0.0	0.0	0.0	0.0	0.0	0.0	0.0	0.0	0.0	0.0	0.0	0.0	0.0
0.0	0.0	0.0	0.0	0.0	0.0	0.0	0.0	0.0	0.0	0.0	0.0	0.0	0.0	0.0	0.0	0.0	0.0	0.0	0.0	0.0	0.0	0.0	0.0
0.0	0.0	0.0	0.0	0.0	0.0	0.0	0.0	0.0	0.0	0.0	0.0	0.0	0.0	0.0	0.0	0.0	0.0	0.0	0.0	0.0	0.0	0.0	0.0
 
list 12: hydros output
2.4110899999999997	2.58885	2.5813699999999997	2.60403	2.62966	2.6892799999999997	3.00729	3.1943999999999995	3.11916	3.0931999999999995	3.61471	3.6091	3.58798	3.5596	3.59546	3.16569	2.86	2.71414	2.81567	2.6108499999999997	2.6764099999999997	3.11454	3.11355	2.7362499999999996
2.4110899999999997	2.58885	2.5813699999999997	2.60403	2.62966	2.6892799999999997	3.00729	3.1943999999999995	3.11916	3.0931999999999995	3.61471	3.6091	3.58798	3.5596	3.59546	3.16569	2.86	2.71414	2.81567	2.6108499999999997	2.6764099999999997	3.11454	3.11355	2.7362499999999996
2.4110899999999997	2.58885	2.5813699999999997	2.60403	2.62966	2.6892799999999997	3.00729	3.1943999999999995	3.11916	3.0931999999999995	3.61471	3.6091	3.58798	3.5596	3.59546	3.16569	2.86	2.71414	2.81567	2.6108499999999997	2.6764099999999997	3.11454	3.11355	2.7362499999999996
2.4110899999999997	2.58885	2.5813699999999997	2.60403	2.62966	2.6892799999999997	3.00729	3.1943999999999995	3.11916	3.0931999999999995	3.61471	3.6091	3.58798	3.5596	3.59546	3.16569	2.86	2.71414	2.81567	2.6108499999999997	2.6764099999999997	3.11454	3.11355	2.7362499999999996
2.4110899999999997	2.58885	2.5813699999999997	2.60403	2.62966	2.6892799999999997	3.00729	3.1943999999999995	3.11916	3.0931999999999995	3.61471	3.6091	3.58798	3.5596	3.59546	3.16569	2.86	2.71414	2.81567	2.6108499999999997	2.6764099999999997	3.11454	3.11355	2.7362499999999996
2.4110899999999997	2.58885	2.5813699999999997	2.60403	2.62966	2.6892799999999997	3.00729	3.1943999999999995	3.11916	3.0931999999999995	3.61471	3.6091	3.58798	3.5596	3.59546	3.16569	2.86	2.71414	2.81567	2.6108499999999997	2.6764099999999997	3.11454	3.11355	2.7362499999999996
2.4110899999999997	2.58885	2.5813699999999997	2.60403	2.62966	2.6892799999999997	3.00729	3.1943999999999995	3.11916	3.0931999999999995	3.61471	3.6091	3.58798	3.5596	3.59546	3.16569	2.86	2.71414	2.81567	2.6108499999999997	2.6764099999999997	3.11454	3.11355	2.7362499999999996
2.4110899999999997	2.58885	2.5813699999999997	2.60403	2.62966	2.6892799999999997	3.00729	3.1943999999999995	3.11916	3.0931999999999995	3.61471	3.6091	3.58798	3.5596	3.59546	3.16569	2.86	2.71414	2.81567	2.6108499999999997	2.6764099999999997	3.11454	3.11355	2.7362499999999996
 
 
list 10: sr⁺
1.1	0.0	0.0	0.0	0.0	0.0	0.0	0.0	0.3342110558374347	1.1	1.1	1.1	1.1	1.1	0.6176835153198567	0.0	0.0	0.0	0.0	0.0	0.0	0.0	0.0	0.0
0.0	0.5	0.5	0.5	0.5	0.5	0.5	0.4	0.7657889441625654	0.0	0.0	0.0	0.0	0.0	0.48231648468014343	0.5	0.5	0.5	0.5	0.5	0.5	0.5	0.5	0.5
0.0	0.0	0.0	0.0	0.0	0.0	0.0	0.1	0.0	0.0	0.0	0.0	0.0	0.0	0.0	0.0	0.0	0.0	0.0	0.0	0.0	0.0	0.0	0.0
 
list 11: sr⁻
0.0	0.0	0.0	0.0	0.0	0.0	0.0	0.0	0.014706200804078674	0.014658770365838585	0.016981419146773355	0.01693840565107471	0.016857595920498757	0.016714040774297226	0.0	0.0	0.0	0.0	0.0	0.0	0.0	0.0	0.0	0.0
0.01146506808606201	0.012302373053779393	0.012304347751631165	0.012419284645252207	0.012525844419871628	0.012783652752143002	0.014207510989405517	0.015091344255621407	0.0	0.0	0.0	0.0	0.0	0.0	0.01688275958195741	0.014934533348705346	0.0	0.0	0.013349174444831314	0.012405804001438247	0.01274456534385635	0.014690102642500908	0.014715399535709344	0.0
0.0	0.0	0.0	0.0	0.0	0.0	0.0	0.0	0.0	0.0	0.0	0.0	0.0	0.0	5.952392076458146e-8	0.0	0.013579039968831558	0.012898867760701486	0.0	0.0	0.0	0.0	0.0	0.012996430441225624
