 
su_cost	sd_cost	prod_cost	cr⁺	cr⁻	𝜟pd	𝜟pw
1990.0	2040.0	33055.581774911436	36.0	0.6779625907751823	0.0	2.1931188887606847
 
list 1: units stutup/down states
0	0	0	0	0	0	0	0	0	1	1	1	1	1	1	1	0	0	0	0	0	1	1	1
1	1	1	1	1	1	1	1	1	1	0	0	0	0	0	0	1	1	1	1	1	1	0	0
1	0	0	1	1	1	1	1	1	0	0	1	1	1	1	1	1	1	1	0	0	0	0	0
 
list 2: units dispatching power in scenario NO.1
0.0	0.0	0.0	0.0	0.0	0.0	0.0	0.0	0.0	0.9145555164511334	1.0807590976394552	1.0189941694141764	1.0586033992466113	0.9168223525324911	1.0009140376408707	0.9	0.0	0.0	0.0	0.0	0.0	0.9146852786193587	0.9147184181140977	0.9129695486548972
0.11151159064848512	0.11234490355699678	0.22000589411375698	0.1	0.1325355335154754	0.1	0.3142474972256808	0.4164444354679172	0.481513494904662	0.1	0.0	0.0	0.0	0.0	0.0	0.0	0.31213291406781507	0.15287420687671036	0.12410310076945938	0.11249277436979166	0.2695162062267853	0.1	0.0	0.0
0.1	0.0	0.0	0.16546954764196506	0.2	0.16559965452841985	0.19999999570554589	0.1999999957055471	0.1	0.0	0.0	0.1	0.1	0.1	0.1	0.11492374886293427	0.2	0.2	0.1	0.0	0.0	0.0	0.0	0.0
 
list 3: spolied wind power
0.0	0.06845913154590666	-1.3032656354458016e-9	0.0	0.0	0.0	0.0	0.0	0.0	0.18462132098899664	0.0	0.0	0.0	0.0	0.0	0.2740192005994687	0.0	0.0	0.0	0.0	0.0	0.2963997560524132	0.3478908745089675	0.5536641682403705
0.22797418458911534	0.0	0.0	0.0	0.0	0.0	0.0	0.0	0.0	0.0	0.0	0.0	0.0	0.0	0.0	0.0	0.0	0.0	0.0	0.24009025353871194	0.0	0.0	0.0	0.0
 
list 4: forced load curtailments
0.0	0.0	0.0	0.0	0.0	0.0	0.0	0.0	0.0	0.0	0.0	0.0	0.0	0.0	0.0	0.0	0.0	0.0	0.0	0.0	0.0	0.0	0.0	0.0
0.0	0.0	0.0	0.0	0.0	0.0	0.0	0.0	0.0	0.0	0.0	0.0	0.0	0.0	0.0	0.0	0.0	0.0	0.0	0.0	0.0	0.0	0.0	0.0
0.0	0.0	0.0	0.0	0.0	0.0	0.0	0.0	0.0	0.0	0.0	0.0	0.0	0.0	0.0	0.0	0.0	0.0	0.0	0.0	0.0	0.0	0.0	0.0
 
list 12: hydros output
2.4110899999999997	2.58885	2.5813699999999997	2.60403	2.62966	2.6892799999999997	3.00729	3.1943999999999995	3.11916	3.0931999999999995	3.61471	3.6091	3.58798	3.5596	3.59546	3.16569	2.86	2.71414	2.81567	2.6108499999999997	2.6764099999999997	3.11454	3.11355	2.7362499999999996
2.4110899999999997	2.58885	2.5813699999999997	2.60403	2.62966	2.6892799999999997	3.00729	3.1943999999999995	3.11916	3.0931999999999995	3.61471	3.6091	3.58798	3.5596	3.59546	3.16569	2.86	2.71414	2.81567	2.6108499999999997	2.6764099999999997	3.11454	3.11355	2.7362499999999996
2.4110899999999997	2.58885	2.5813699999999997	2.60403	2.62966	2.6892799999999997	3.00729	3.1943999999999995	3.11916	3.0931999999999995	3.61471	3.6091	3.58798	3.5596	3.59546	3.16569	2.86	2.71414	2.81567	2.6108499999999997	2.6764099999999997	3.11454	3.11355	2.7362499999999996
2.4110899999999997	2.58885	2.5813699999999997	2.60403	2.62966	2.6892799999999997	3.00729	3.1943999999999995	3.11916	3.0931999999999995	3.61471	3.6091	3.58798	3.5596	3.59546	3.16569	2.86	2.71414	2.81567	2.6108499999999997	2.6764099999999997	3.11454	3.11355	2.7362499999999996
2.4110899999999997	2.58885	2.5813699999999997	2.60403	2.62966	2.6892799999999997	3.00729	3.1943999999999995	3.11916	3.0931999999999995	3.61471	3.6091	3.58798	3.5596	3.59546	3.16569	2.86	2.71414	2.81567	2.6108499999999997	2.6764099999999997	3.11454	3.11355	2.7362499999999996
2.4110899999999997	2.58885	2.5813699999999997	2.60403	2.62966	2.6892799999999997	3.00729	3.1943999999999995	3.11916	3.0931999999999995	3.61471	3.6091	3.58798	3.5596	3.59546	3.16569	2.86	2.71414	2.81567	2.6108499999999997	2.6764099999999997	3.11454	3.11355	2.7362499999999996
2.4110899999999997	2.58885	2.5813699999999997	2.60403	2.62966	2.6892799999999997	3.00729	3.1943999999999995	3.11916	3.0931999999999995	3.61471	3.6091	3.58798	3.5596	3.59546	3.16569	2.86	2.71414	2.81567	2.6108499999999997	2.6764099999999997	3.11454	3.11355	2.7362499999999996
2.4110899999999997	2.58885	2.5813699999999997	2.60403	2.62966	2.6892799999999997	3.00729	3.1943999999999995	3.11916	3.0931999999999995	3.61471	3.6091	3.58798	3.5596	3.59546	3.16569	2.86	2.71414	2.81567	2.6108499999999997	2.6764099999999997	3.11454	3.11355	2.7362499999999996
 
 
list 10: sr⁺
0.0	0.0	0.0	0.0	0.0	0.0	0.0	0.0	0.0	1.1	1.1	1.1	1.1	1.1	1.1	1.1	0.0	0.0	0.0	0.0	0.0	1.1	1.1	1.1
0.4	0.5	0.5	0.5	0.5	0.5	0.5	0.5	0.4	0.0	0.0	0.0	0.0	0.0	0.0	0.0	0.5	0.5	0.5	0.5	0.5	0.0	0.0	0.0
0.1	0.0	0.0	0.0	0.0	0.0	0.0	0.0	0.1	0.0	0.0	0.0	0.0	0.0	0.0	0.0	0.0	0.0	0.0	0.0	0.0	0.0	0.0	0.0
 
list 11: sr⁻
0.0	0.0	0.0	0.0	0.0	0.0	0.0	0.0	0.0	0.014555516451134468	0.016981835224516528	0.01694550145764646	0.01683479915018835	0.01673479441186688	0.01688492149058978	0.0	0.0	0.0	0.0	0.0	0.0	0.014685278619358267	0.014718418114098719	0.012969548654896367
0.011511590648485158	0.012344903556997229	0.012265173526113692	0.0	0.01246751611662113	0.0	0.014224413124619964	0.015091888890059408	0.014741521625200218	0.0	0.0	0.0	0.0	0.0	0.0	0.0	0.013521966771483047	0.012865631448280825	0.013382399224807632	0.01249277436979223	0.012706395948443307	0.0	0.0	0.0
0.0	0.0	0.0	0.01236195761308951	0.0	0.012768800086367894	0.0	0.0	0.0	0.0	0.0	0.0	0.0	0.0	0.0	0.014923748862934134	0.0	0.0	0.0	0.0	0.0	0.0	0.0	0.0
