33.0 12.0 11.3375
33.0 12.0 7.0
33.0 6.75 7.0
33.0 3.5 9.409145872553673
33.36842105263158 12.0 11.429605263157896
33.36842105263158 12.0 7.0
33.36842105263158 6.25 7.0
33.36842105263158 3.0 9.278978711656128
33.73684210526316 12.0 11.52171052631579
33.73684210526316 12.0 7.0
33.73684210526316 5.75 7.0
33.73684210526316 2.5 9.159441856799736
34.10526315789474 12.0 11.613815789473685
34.10526315789474 12.0 7.0
34.10526315789474 5.0 7.0
34.10526315789474 2.5 8.567334844016246
34.10526315789474 2.5 9.238815789473685
34.473684210526315 12.0 11.70592105263158
34.473684210526315 12.0 7.0
34.473684210526315 4.5 7.0
34.473684210526315 2.5 8.120709375146015
34.473684210526315 2.5 9.33092105263158
34.8421052631579 12.0 11.798026315789475
34.8421052631579 12.0 7.0
34.8421052631579 3.75 7.0
34.8421052631579 2.5 7.698070854457311
34.8421052631579 2.5 9.423026315789475
35.21052631578947 12.0 11.890131578947368
35.21052631578947 12.0 7.0
35.21052631578947 3.25 7.0
35.21052631578947 2.5 7.3976285784160645
35.21052631578947 2.5 9.515131578947368
35.578947368421055 12.0 11.982236842105264
35.578947368421055 12.0 7.0
35.578947368421055 2.5 7.0
35.578947368421055 2.5 7.003956887741872
35.578947368421055 2.5 9.607236842105264
35.94736842105263 12.0 12.074342105263158
35.94736842105263 12.0 7.0
35.94736842105263 2.5 7.0
35.94736842105263 2.5 9.699342105263158
36.31578947368421 12.0 12.166447368421053
36.31578947368421 12.0 7.0
36.31578947368421 2.5 7.0
36.31578947368421 2.5 9.791447368421053
36.68421052631579 12.0 12.258552631578947
36.68421052631579 12.0 7.0
36.68421052631579 2.5 7.0
36.68421052631579 2.5 9.883552631578947
37.05263157894737 12.0 12.350657894736843
37.05263157894737 12.0 7.0
37.05263157894737 2.5 7.0
37.05263157894737 2.5 9.975657894736843
37.421052631578945 12.0 12.442763157894737
37.421052631578945 12.0 7.0
37.421052631578945 2.5 7.0
37.421052631578945 2.5 10.067763157894737
37.78947368421053 12.0 12.534868421052632
37.78947368421053 12.0 7.0
37.78947368421053 2.5 7.0
37.78947368421053 2.5 10.159868421052632
38.1578947368421 12.0 12.626973684210526
38.1578947368421 12.0 7.0
38.1578947368421 2.5 7.0
38.1578947368421 2.5 10.251973684210526
38.526315789473685 12.0 12.719078947368422
38.526315789473685 12.0 7.0
38.526315789473685 2.5 7.0
38.526315789473685 2.5 10.344078947368422
38.89473684210526 12.0 12.811184210526315
38.89473684210526 12.0 7.0
38.89473684210526 2.5 7.0
38.89473684210526 2.5 10.436184210526315
39.26315789473684 12.0 12.903289473684211
39.26315789473684 12.0 7.0
39.26315789473684 2.5 7.0
39.26315789473684 2.5 10.528289473684211
39.63157894736842 12.0 12.995394736842105
39.63157894736842 12.0 7.0
39.63157894736842 2.5 7.0
39.63157894736842 2.5 10.620394736842105
40.0 12.0 13.0875
40.0 12.0 7.0
40.0 2.5 7.0
40.0 2.5 10.7125
