 
su_cost	sd_cost	prod_cost	cr⁺	cr⁻	𝜟pd	𝜟pw
2599.99999825	2599.9999984444444	33843.788675286334	37.19999999042638	0.6779567760840408	0.0	2.6319442892432576
 
list 1: units stutup/down states
1	0	0	0	0	0	0	1	1	1	1	1	1	1	1	0	0	0	0	0	0	0	1	1
1	1	1	1	1	1	1	1	0	0	0	0	0	0	1	1	1	1	1	1	1	1	1	0
0	0	0	0	0	0	1	1	0	0	1	1	1	1	1	1	1	1	0	0	1	1	0	0
 
list 2: units dispatching power in scenario NO.1
0.9	0.0	0.0	0.0	0.0	0.0	0.0	0.9149884444974995	0.9147382402424062	0.9145989882222836	1.0417617648147157	0.9526345421747907	0.992977956051945	1.0264975906926557	0.9000000156957061	1.0866255695241023e-8	0.0	1.3622621277548097e-9	1.3622621277548097e-9	0.0	1.362262136428427e-9	0.0	0.9146839247538627	0.9129695370294725
0.11151040615900461	0.24867371706364017	0.11229479349252865	0.11240416013542079	0.20818460994187776	0.11282081315300288	0.31454182695100447	0.1	0.0	0.0	0.0	0.0	0.0	0.0	0.09999998704663349	0.3615110084001247	0.2671035881374199	0.12645246796568824	0.4129300974808123	0.19919366793115295	0.1	0.44701472439827056	0.1	0.0
0.0	0.0	0.0	0.0	0.0	0.0	0.2	0.1	0.0	0.0	0.1	0.1	0.1	0.1	0.12307793631748531	0.2	0.2	0.1	0.0	1.362262136428427e-9	0.14562729606675334	0.1	0.0	0.0
 
list 3: spolied wind power
0.0	0.0	0.010768763607083634	0.015744701818535628	-1.3320344268731139e-9	0.0	0.0	0.0847706754599245	0.3200992098671218	0.2585518773566682	0.0	0.0	0.0	0.0	0.0	0.0	0.0	0.0	0.0	0.0	0.0	0.0	0.30988294020466756	0.5536176549193829
1.0232350421774048	0.0	0.0	0.0	0.0	0.055273425164503315	0.0	0.0	0.0	0.0	0.0	0.0	0.0	0.0	0.0	0.0	0.0	0.0	0.0	0.0	0.0	0.0	0.0	0.0
 
list 4: forced load curtailments
0.0	0.0	0.0	0.0	0.0	0.0	0.0	0.0	0.0	0.0	0.0	0.0	0.0	0.0	0.0	0.0	0.0	0.0	0.0	0.0	0.0	0.0	0.0	0.0
0.0	0.0	0.0	0.0	0.0	0.0	0.0	0.0	0.0	0.0	0.0	0.0	0.0	0.0	0.0	0.0	0.0	0.0	0.0	0.0	0.0	0.0	0.0	0.0
0.0	0.0	0.0	0.0	0.0	0.0	0.0	0.0	0.0	0.0	0.0	0.0	0.0	0.0	0.0	0.0	0.0	0.0	0.0	0.0	0.0	0.0	0.0	0.0
 
list 12: hydros output
2.4110899999999997	2.58885	2.5813699999999997	2.60403	2.62966	2.6892799999999997	3.00729	3.1943999999999995	3.11916	3.0931999999999995	3.61471	3.6091	3.58798	3.5596	3.59546	3.16569	2.86	2.71414	2.81567	2.6108499999999997	2.6764099999999997	3.11454	3.11355	2.7362499999999996
2.4110899999999997	2.58885	2.5813699999999997	2.60403	2.62966	2.6892799999999997	3.00729	3.1943999999999995	3.11916	3.0931999999999995	3.61471	3.6091	3.58798	3.5596	3.59546	3.16569	2.86	2.71414	2.81567	2.6108499999999997	2.6764099999999997	3.11454	3.11355	2.7362499999999996
2.4110899999999997	2.58885	2.5813699999999997	2.60403	2.62966	2.6892799999999997	3.00729	3.1943999999999995	3.11916	3.0931999999999995	3.61471	3.6091	3.58798	3.5596	3.59546	3.16569	2.86	2.71414	2.81567	2.6108499999999997	2.6764099999999997	3.11454	3.11355	2.7362499999999996
2.4110899999999997	2.58885	2.5813699999999997	2.60403	2.62966	2.6892799999999997	3.00729	3.1943999999999995	3.11916	3.0931999999999995	3.61471	3.6091	3.58798	3.5596	3.59546	3.16569	2.86	2.71414	2.81567	2.6108499999999997	2.6764099999999997	3.11454	3.11355	2.7362499999999996
2.4110899999999997	2.58885	2.5813699999999997	2.60403	2.62966	2.6892799999999997	3.00729	3.1943999999999995	3.11916	3.0931999999999995	3.61471	3.6091	3.58798	3.5596	3.59546	3.16569	2.86	2.71414	2.81567	2.6108499999999997	2.6764099999999997	3.11454	3.11355	2.7362499999999996
2.4110899999999997	2.58885	2.5813699999999997	2.60403	2.62966	2.6892799999999997	3.00729	3.1943999999999995	3.11916	3.0931999999999995	3.61471	3.6091	3.58798	3.5596	3.59546	3.16569	2.86	2.71414	2.81567	2.6108499999999997	2.6764099999999997	3.11454	3.11355	2.7362499999999996
2.4110899999999997	2.58885	2.5813699999999997	2.60403	2.62966	2.6892799999999997	3.00729	3.1943999999999995	3.11916	3.0931999999999995	3.61471	3.6091	3.58798	3.5596	3.59546	3.16569	2.86	2.71414	2.81567	2.6108499999999997	2.6764099999999997	3.11454	3.11355	2.7362499999999996
2.4110899999999997	2.58885	2.5813699999999997	2.60403	2.62966	2.6892799999999997	3.00729	3.1943999999999995	3.11916	3.0931999999999995	3.61471	3.6091	3.58798	3.5596	3.59546	3.16569	2.86	2.71414	2.81567	2.6108499999999997	2.6764099999999997	3.11454	3.11355	2.7362499999999996
 
 
list 10: sr⁺
1.1	0.0	0.0	0.0	0.0	0.0	0.0	1.0999999989397595	1.1	1.1	1.1	1.0	1.0	1.0	1.0230779363174853	1.2499999604564882e-9	0.0	0.0	0.0	0.0	0.0	0.0	1.1	1.1
0.0	0.5	0.5	0.5	0.5	0.5	0.5	1.06024063474152e-9	0.0	0.0	0.0	0.0	0.0	0.0	0.0	0.49999999396319134	0.5	0.5	0.5	0.5	0.5	0.4	0.0	0.0
0.0	0.0	0.0	0.0	0.0	0.0	0.0	0.0	0.0	0.0	0.0	0.1	0.1	0.1	0.0769220636825147	0.0	0.0	0.0	0.0	0.0	0.0	0.1	0.0	0.0
 
list 11: sr⁻
0.0	0.0	0.0	0.0	0.0	0.0	0.0	0.014988445557740607	0.014738240242406176	0.014598988222283598	0.016966584558796325	0.016962091364456304	0.016851205510987014	0.01670737560232684	0.0	0.0	0.0	0.0	0.0	0.0	0.0	0.0	0.014683924753862702	0.012969537029472476
0.0115104061590046	0.012293706570734092	0.01229479349252864	0.01240416013542078	0.012498603847173965	0.012820813153002875	0.014224339543262247	0.0	0.0	0.0	0.0	0.0	0.0	0.0	0.0	0.0	0.013533224102965646	0.012897236882668014	0.013335192475289229	0.012411076582676647	0.0	0.014728096318900435	0.0	0.0
0.0	0.0	0.0	0.0	0.0	0.0	0.0	0.0	0.0	0.0	0.0	0.0	0.0	0.0	0.016879380515235045	0.014968597245183407	0.0	0.0	0.0	0.0	0.012712368175642749	0.0	0.0	0.0
