 
su_cost	sd_cost	prod_cost	cr⁺	cr⁻	𝜟pd	𝜟pw
2250.0	2300.0	32376.388328019755	32.4	0.6785042529112517	0.0	1.455535034058157
 
list 1: units stutup/down states
0	0	0	0	0	0	0	0	0	0	1	1	1	1	1	0	0	0	0	0	0	0	1	1
1	1	1	1	1	1	1	1	1	1	1	0	0	0	0	1	1	1	1	1	1	1	1	0
1	0	0	0	0	1	1	1	1	1	0	0	0	0	1	1	1	0	0	1	1	1	0	0
 
list 2: units dispatching power in scenario NO.1
0.0	0.0	0.0	0.0	0.0	0.0	0.0	0.0	0.0	0.0	1.1199858177771458	1.0646582283258055	0.96304335144869	0.9893732724119508	0.9	0.0	0.0	0.0	0.0	0.0	0.0	0.0	0.9146732780726482	0.9130097475071501
0.11155325354215029	0.16541188199734566	0.17434207611199523	0.16744386564729527	0.11895314974748006	0.1	0.3066961035900444	0.3882799515608648	0.4698348496371097	0.2873426614054454	0.1	0.0	0.0	0.0	0.0	0.47386558401347556	0.33827233172353	0.16031826693992013	0.2668666631788543	0.21718965460300008	0.1	0.41382920890632546	0.1	0.0
0.1	0.0	0.0	0.0	0.0	0.16323972927273997	0.2	0.2	0.2	0.1	0.0	0.0	0.0	0.0	0.11690684202366808	0.2	0.1	0.0	0.0	0.2	0.11273944197324039	0.1	0.0	0.0
 
list 3: spolied wind power
0.0	-1.4963113332659695e-9	-1.4963113332659695e-9	-1.4963113332659695e-9	0.0	0.0	0.0	0.0	0.0	0.0	0.0	0.0	0.0	0.0	0.0	0.0	0.0	0.0	0.0	0.0	0.07540733493475986	0.0	0.2672855686653577	0.7144997761077452
0.39466742214327555	0.0	0.0	0.0	0.0	0.0	0.0	0.0	0.0	0.0	0.0	0.0	0.0	0.0	0.0036749366959527574	0.0	0.0	0.0	0.0	0.0	0.0	0.0	0.0	0.0
 
list 4: forced load curtailments
0.0	0.0	0.0	0.0	0.0	0.0	0.0	0.0	0.0	0.0	0.0	0.0	0.0	0.0	0.0	0.0	0.0	0.0	0.0	0.0	0.0	0.0	0.0	0.0
0.0	0.0	0.0	0.0	0.0	0.0	0.0	0.0	0.0	0.0	0.0	0.0	0.0	0.0	0.0	0.0	0.0	0.0	0.0	0.0	0.0	0.0	0.0	0.0
0.0	0.0	0.0	0.0	0.0	0.0	0.0	0.0	0.0	0.0	0.0	0.0	0.0	0.0	0.0	0.0	0.0	0.0	0.0	0.0	0.0	0.0	0.0	0.0
 
list 12: hydros output
2.4110899999999997	2.58885	2.5813699999999997	2.60403	2.62966	2.6892799999999997	3.00729	3.1943999999999995	3.11916	3.0931999999999995	3.61471	3.6091	3.58798	3.5596	3.59546	3.16569	2.86	2.71414	2.81567	2.6108499999999997	2.6764099999999997	3.11454	3.11355	2.7362499999999996
2.4110899999999997	2.58885	2.5813699999999997	2.60403	2.62966	2.6892799999999997	3.00729	3.1943999999999995	3.11916	3.0931999999999995	3.61471	3.6091	3.58798	3.5596	3.59546	3.16569	2.86	2.71414	2.81567	2.6108499999999997	2.6764099999999997	3.11454	3.11355	2.7362499999999996
2.4110899999999997	2.58885	2.5813699999999997	2.60403	2.62966	2.6892799999999997	3.00729	3.1943999999999995	3.11916	3.0931999999999995	3.61471	3.6091	3.58798	3.5596	3.59546	3.16569	2.86	2.71414	2.81567	2.6108499999999997	2.6764099999999997	3.11454	3.11355	2.7362499999999996
2.4110899999999997	2.58885	2.5813699999999997	2.60403	2.62966	2.6892799999999997	3.00729	3.1943999999999995	3.11916	3.0931999999999995	3.61471	3.6091	3.58798	3.5596	3.59546	3.16569	2.86	2.71414	2.81567	2.6108499999999997	2.6764099999999997	3.11454	3.11355	2.7362499999999996
2.4110899999999997	2.58885	2.5813699999999997	2.60403	2.62966	2.6892799999999997	3.00729	3.1943999999999995	3.11916	3.0931999999999995	3.61471	3.6091	3.58798	3.5596	3.59546	3.16569	2.86	2.71414	2.81567	2.6108499999999997	2.6764099999999997	3.11454	3.11355	2.7362499999999996
2.4110899999999997	2.58885	2.5813699999999997	2.60403	2.62966	2.6892799999999997	3.00729	3.1943999999999995	3.11916	3.0931999999999995	3.61471	3.6091	3.58798	3.5596	3.59546	3.16569	2.86	2.71414	2.81567	2.6108499999999997	2.6764099999999997	3.11454	3.11355	2.7362499999999996
2.4110899999999997	2.58885	2.5813699999999997	2.60403	2.62966	2.6892799999999997	3.00729	3.1943999999999995	3.11916	3.0931999999999995	3.61471	3.6091	3.58798	3.5596	3.59546	3.16569	2.86	2.71414	2.81567	2.6108499999999997	2.6764099999999997	3.11454	3.11355	2.7362499999999996
2.4110899999999997	2.58885	2.5813699999999997	2.60403	2.62966	2.6892799999999997	3.00729	3.1943999999999995	3.11916	3.0931999999999995	3.61471	3.6091	3.58798	3.5596	3.59546	3.16569	2.86	2.71414	2.81567	2.6108499999999997	2.6764099999999997	3.11454	3.11355	2.7362499999999996
 
 
list 10: sr⁺
0.0	0.0	0.0	0.0	0.0	0.0	0.0	0.0	0.0	0.0	0.6978340517475845	1.1	1.1	1.1	1.1	0.0	0.0	0.0	0.0	0.0	0.0	0.0	0.35359739505786614	1.1
0.4	0.5	0.5	0.5	0.5	0.5	0.5	0.5	0.5	0.5	0.40216594825241564	0.0	0.0	0.0	0.0	0.5	0.5	0.5	0.5	0.5	0.5	0.4	0.746402604942134	0.0
0.1	0.0	0.0	0.0	0.0	0.0	0.0	0.0	0.0	0.0	0.0	0.0	0.0	0.0	0.0	0.0	0.0	0.0	0.0	0.0	0.0	0.1	0.0	0.0
 
list 11: sr⁻
0.0	0.0	0.0	0.0	0.0	0.0	0.0	0.0	0.0	0.0	0.016947028545555718	0.01695908544291855	0.016883689162137828	0.016741656681897015	0.0	0.0	0.0	0.0	0.0	0.0	0.0	0.0	0.014673278072648179	0.013009747507150147
0.011553253542150282	0.01231452202911518	0.012276589480586518	0.012386464033202692	0.012520911712563131	0.0	0.014226300974102487	0.015098930012109784	0.01471944128759072	0.01466616433464864	0.0	0.0	0.0	0.0	0.0	0.014940508603996632	0.013540431917069119	0.012913770433265023	0.013371708334205284	0.01235657758634925	0.0	0.014736392697773422	0.0	0.0
0.0	0.0	0.0	0.0	0.0	0.01276939006768181	0.0	0.0	0.0	0.0	0.0	0.0	0.0	0.0	0.016906842023668073	0.0	0.0	0.0	0.0	0.0	0.012739441973240383	0.0	0.0	0.0
