 
su_cost	sd_cost	prod_cost	cr⁺	cr⁻	𝜟pd	𝜟pw
2040.0	1990.0	34339.14767172224	33.599999999999994	0.6780111898095132	0.0	1.5828912533927548
 
list 1: units stutup/down states
1	0	0	0	0	0	0	0	0	1	1	1	1	1	1	1	0	0	0	0	0	0	0	0
1	1	1	1	1	1	1	1	1	1	0	0	0	0	0	0	1	1	1	1	1	1	1	1
0	0	0	0	0	1	1	1	1	0	0	0	0	0	0	1	1	1	1	0	0	1	1	1
 
list 2: units dispatching power in scenario NO.1
0.9	0.0	0.0	0.0	0.0	0.0	0.0	0.0	4.110915247101943e-9	0.9145705606260948	0.9170256325243581	1.0213356643840656	1.02695897524778	0.9474698815517906	0.99645254148429	0.9	0.0	0.0	0.0	0.0	0.0	0.0	0.0	0.0
0.11150718156429795	0.11233199478936717	0.1743170034400352	0.2707657078607304	0.19410438354911116	0.23142423678234508	0.3521585255608942	0.46643486212481977	0.5092158329922842	0.1	0.0	0.0	0.0	0.0	0.0	0.0	0.1	0.17742609966135056	0.43759791242295853	0.15843016102549523	0.39618576473111045	0.47888111413208523	0.3545819052757555	0.1
0.0	0.0	0.0	0.0	0.0	0.2	0.2	0.2	0.1	0.0	0.0	0.0	0.0	0.0	0.0	0.11493011193918048	0.19865104139749032	0.2	0.1	0.0	0.0	0.2	0.2	0.1685545309784798
 
list 3: spolied wind power
0.0	0.016811152285816644	0.0	0.0	-1.27195690057864e-9	0.0	0.0	0.0	0.0	0.2448130650049495	0.01145572995671762	0.0	0.0	0.0	0.0	0.29947786866112003	0.0	0.0	0.0	0.0	0.0	0.0	0.0	0.0
1.010333438756108	0.0	0.0	0.0	0.0	0.0	0.0	0.0	0.0	0.0	0.0	0.0	0.0	0.0	0.0	0.0	0.0	0.0	0.0	0.0	0.0	0.0	0.0	0.0
 
list 4: forced load curtailments
0.0	0.0	0.0	0.0	0.0	0.0	0.0	0.0	0.0	0.0	0.0	0.0	0.0	0.0	0.0	0.0	0.0	0.0	0.0	0.0	0.0	0.0	0.0	0.0
0.0	0.0	0.0	0.0	0.0	0.0	0.0	0.0	0.0	0.0	0.0	0.0	0.0	0.0	0.0	0.0	0.0	0.0	0.0	0.0	0.0	0.0	0.0	0.0
0.0	0.0	0.0	0.0	0.0	0.0	0.0	0.0	0.0	0.0	0.0	0.0	0.0	0.0	0.0	0.0	0.0	0.0	0.0	0.0	0.0	0.0	0.0	0.0
 
list 12: hydros output
2.4110899999999997	2.58885	2.5813699999999997	2.60403	2.62966	2.6892799999999997	3.00729	3.1943999999999995	3.11916	3.0931999999999995	3.61471	3.6091	3.58798	3.5596	3.59546	3.16569	2.86	2.71414	2.81567	2.6108499999999997	2.6764099999999997	3.11454	3.11355	2.7362499999999996
2.4110899999999997	2.58885	2.5813699999999997	2.60403	2.62966	2.6892799999999997	3.00729	3.1943999999999995	3.11916	3.0931999999999995	3.61471	3.6091	3.58798	3.5596	3.59546	3.16569	2.86	2.71414	2.81567	2.6108499999999997	2.6764099999999997	3.11454	3.11355	2.7362499999999996
2.4110899999999997	2.58885	2.5813699999999997	2.60403	2.62966	2.6892799999999997	3.00729	3.1943999999999995	3.11916	3.0931999999999995	3.61471	3.6091	3.58798	3.5596	3.59546	3.16569	2.86	2.71414	2.81567	2.6108499999999997	2.6764099999999997	3.11454	3.11355	2.7362499999999996
2.4110899999999997	2.58885	2.5813699999999997	2.60403	2.62966	2.6892799999999997	3.00729	3.1943999999999995	3.11916	3.0931999999999995	3.61471	3.6091	3.58798	3.5596	3.59546	3.16569	2.86	2.71414	2.81567	2.6108499999999997	2.6764099999999997	3.11454	3.11355	2.7362499999999996
2.4110899999999997	2.58885	2.5813699999999997	2.60403	2.62966	2.6892799999999997	3.00729	3.1943999999999995	3.11916	3.0931999999999995	3.61471	3.6091	3.58798	3.5596	3.59546	3.16569	2.86	2.71414	2.81567	2.6108499999999997	2.6764099999999997	3.11454	3.11355	2.7362499999999996
2.4110899999999997	2.58885	2.5813699999999997	2.60403	2.62966	2.6892799999999997	3.00729	3.1943999999999995	3.11916	3.0931999999999995	3.61471	3.6091	3.58798	3.5596	3.59546	3.16569	2.86	2.71414	2.81567	2.6108499999999997	2.6764099999999997	3.11454	3.11355	2.7362499999999996
2.4110899999999997	2.58885	2.5813699999999997	2.60403	2.62966	2.6892799999999997	3.00729	3.1943999999999995	3.11916	3.0931999999999995	3.61471	3.6091	3.58798	3.5596	3.59546	3.16569	2.86	2.71414	2.81567	2.6108499999999997	2.6764099999999997	3.11454	3.11355	2.7362499999999996
2.4110899999999997	2.58885	2.5813699999999997	2.60403	2.62966	2.6892799999999997	3.00729	3.1943999999999995	3.11916	3.0931999999999995	3.61471	3.6091	3.58798	3.5596	3.59546	3.16569	2.86	2.71414	2.81567	2.6108499999999997	2.6764099999999997	3.11454	3.11355	2.7362499999999996
 
 
list 10: sr⁺
1.1	0.0	0.0	0.0	0.0	0.0	0.0	0.0	0.0	1.0724035941548826	1.1	1.1	1.1	1.1	1.1	1.1	0.0	0.0	0.0	0.0	0.0	0.0	0.0	0.0
0.0	0.5	0.5	0.5	0.5	0.5	0.5	0.5	0.4907841670077171	0.027596405845117477	0.0	0.0	0.0	0.0	0.0	0.0	0.4986510413974903	0.5	0.4	0.5	0.5	0.5	0.5	0.5
0.0	0.0	0.0	0.0	0.0	0.0	0.0	0.0	0.009215832992282902	0.0	0.0	0.0	0.0	0.0	0.0	0.0	0.0013489586025096922	0.0	0.1	0.0	0.0	0.0	0.0	0.0
 
list 11: sr⁻
0.0	0.0	0.0	0.0	0.0	0.0	0.0	0.0	0.0	0.014570560626094716	0.017025632524358094	0.016969916083903986	0.016867710256188054	0.016752132529612055	0.01691103686462893	0.0	0.0	0.0	0.0	0.0	0.0	0.0	0.0	0.0
0.011507181564297954	0.012331994789374114	0.012276595749139993	0.012360633573034819	0.012502123903770146	0.012727343940804412	0.014214935368609774	0.015079391284468795	0.014734596040724197	0.0	0.0	0.0	0.0	0.0	0.0	0.0	0.0	0.012859493475084666	0.01330402552086653	0.012421267459743627	0.012674728558817225	0.014695129721466981	0.014721479523681063	0.0
0.0	0.0	0.0	0.0	0.0	0.0	0.0	0.0	0.0	0.0	0.0	0.0	0.0	0.0	0.0	0.014930111939180486	0.013575337239650629	0.0	0.0	0.0	0.0	0.0	0.0	0.01299223636725538
